The images in this folder are licensed by Adobe Stock with the following IDs:
100585998
106834048
111499705
114019337
13339188
135064792
165912889
168968951
183460774
19110860
213608170
217032642
219803129
222853589
223518386
224230716
234956425
243706736
252033807
265005019
271761521
272826797
298948511
314936263
316404117
316588306
320558000
33802539
362479231
373145010
375466479
386249288
410023579
415963107
424844898
433125047
438151980
44335020
453913452
48613584
492536975
51225145
531544517
564926658
579346930
585583092
67798782
76460186
78740892
89257290
99053872